99
6
94
1 2 2.000000
1 12 2.000000
1 13 2.828427
2 1 2.000000
2 3 2.000000
2 12 2.828427
2 13 2.000000
2 14 2.828427
3 2 2.000000
3 4 2.000000
3 13 2.828427
3 14 2.000000
3 15 2.828427
4 3 2.000000
4 5 2.000000
4 14 2.828427
4 15 2.000000
4 16 2.828427
5 4 2.000000
5 6 2.000000
5 15 2.828427
5 16 2.000000
5 17 2.828427
6 5 2.000000
6 7 2.000000
6 16 2.828427
6 17 2.000000
6 18 2.828427
7 6 2.000000
7 8 2.000000
7 17 2.828427
7 18 2.000000
7 19 2.828427
8 7 2.000000
8 9 2.000000
8 18 2.828427
8 19 2.000000
8 20 2.828427
9 8 2.000000
9 10 2.000000
9 19 2.828427
9 20 2.000000
9 21 2.828427
10 9 2.000000
10 11 2.000000
10 20 2.828427
10 21 2.000000
10 22 2.828427
11 10 2.000000
11 21 2.828427
11 22 2.000000
12 1 2.000000
12 2 2.828427
12 13 2.000000
12 23 2.000000
12 24 2.828427
13 1 2.828427
13 2 2.000000
13 3 2.828427
13 12 2.000000
13 14 2.000000
13 23 2.828427
13 24 2.000000
13 25 2.828427
14 2 2.828427
14 3 2.000000
14 4 2.828427
14 13 2.000000
14 15 2.000000
14 24 2.828427
14 25 2.000000
14 26 2.828427
15 3 2.828427
15 4 2.000000
15 5 2.828427
15 14 2.000000
15 16 2.000000
15 25 2.828427
15 26 2.000000
15 27 2.828427
16 4 2.828427
16 5 2.000000
16 6 2.828427
16 15 2.000000
16 17 2.000000
16 26 2.828427
16 27 2.000000
16 28 2.828427
17 5 2.828427
17 6 2.000000
17 7 2.828427
17 16 2.000000
17 18 2.000000
17 27 2.828427
17 28 2.000000
17 29 2.828427
18 6 2.828427
18 7 2.000000
18 8 2.828427
18 17 2.000000
18 19 2.000000
18 28 2.828427
18 29 2.000000
18 30 2.828427
19 7 2.828427
19 8 2.000000
19 9 2.828427
19 18 2.000000
19 20 2.000000
19 29 2.828427
19 30 2.000000
20 8 2.828427
20 9 2.000000
20 10 2.828427
20 19 2.000000
20 21 2.000000
20 30 2.828427
20 31 2.828427
21 9 2.828427
21 10 2.000000
21 11 2.828427
21 20 2.000000
21 22 2.000000
21 31 2.000000
21 32 2.828427
22 10 2.828427
22 11 2.000000
22 21 2.000000
22 31 2.828427
22 32 2.000000
23 12 2.000000
23 13 2.828427
23 24 2.000000
23 33 2.000000
23 34 2.828427
24 12 2.828427
24 13 2.000000
24 14 2.828427
24 23 2.000000
24 25 2.000000
24 33 2.828427
24 34 2.000000
24 35 2.828427
25 13 2.828427
25 14 2.000000
25 15 2.828427
25 24 2.000000
25 26 2.000000
25 34 2.828427
25 35 2.000000
26 14 2.828427
26 15 2.000000
26 16 2.828427
26 25 2.000000
26 27 2.000000
26 35 2.828427
27 15 2.828427
27 16 2.000000
27 17 2.828427
27 26 2.000000
27 28 2.000000
28 16 2.828427
28 17 2.000000
28 18 2.828427
28 27 2.000000
28 29 2.000000
29 17 2.828427
29 18 2.000000
29 19 2.828427
29 28 2.000000
29 30 2.000000
30 18 2.828427
30 19 2.000000
30 20 2.828427
30 29 2.000000
31 20 2.828427
31 21 2.000000
31 22 2.828427
31 32 2.000000
31 36 2.000000
31 37 2.828427
32 21 2.828427
32 22 2.000000
32 31 2.000000
32 36 2.828427
32 37 2.000000
33 23 2.000000
33 24 2.828427
33 34 2.000000
33 38 2.000000
33 39 2.828427
34 23 2.828427
34 24 2.000000
34 25 2.828427
34 33 2.000000
34 35 2.000000
34 38 2.828427
34 39 2.000000
34 40 2.828427
35 24 2.828427
35 25 2.000000
35 26 2.828427
35 34 2.000000
35 39 2.828427
35 40 2.000000
36 31 2.000000
36 32 2.828427
36 37 2.000000
36 41 2.000000
36 42 2.828427
37 31 2.828427
37 32 2.000000
37 36 2.000000
37 41 2.828427
37 42 2.000000
38 33 2.000000
38 34 2.828427
38 39 2.000000
38 43 2.000000
38 44 2.828427
39 33 2.828427
39 34 2.000000
39 35 2.828427
39 38 2.000000
39 40 2.000000
39 43 2.828427
39 44 2.000000
39 45 2.828427
40 34 2.828427
40 35 2.000000
40 39 2.000000
40 44 2.828427
40 45 2.000000
40 46 2.828427
41 36 2.000000
41 37 2.828427
41 42 2.000000
41 51 2.828427
41 52 2.000000
41 53 2.828427
42 36 2.828427
42 37 2.000000
42 41 2.000000
42 52 2.828427
42 53 2.000000
43 38 2.000000
43 39 2.828427
43 44 2.000000
43 54 2.000000
43 55 2.828427
44 38 2.828427
44 39 2.000000
44 40 2.828427
44 43 2.000000
44 45 2.000000
44 54 2.828427
44 55 2.000000
44 56 2.828427
45 39 2.828427
45 40 2.000000
45 44 2.000000
45 46 2.000000
45 55 2.828427
45 56 2.000000
45 57 2.828427
46 40 2.828427
46 45 2.000000
46 47 2.000000
46 56 2.828427
46 57 2.000000
46 58 2.828427
47 46 2.000000
47 48 2.000000
47 57 2.828427
47 58 2.000000
47 59 2.828427
48 47 2.000000
48 49 2.000000
48 58 2.828427
48 59 2.000000
48 60 2.828427
49 48 2.000000
49 50 2.000000
49 59 2.828427
49 60 2.000000
49 61 2.828427
50 49 2.000000
50 51 2.000000
50 60 2.828427
50 61 2.000000
51 41 2.828427
51 50 2.000000
51 52 2.000000
51 61 2.828427
51 62 2.828427
52 41 2.000000
52 42 2.828427
52 51 2.000000
52 53 2.000000
52 62 2.000000
52 63 2.828427
53 41 2.828427
53 42 2.000000
53 52 2.000000
53 62 2.828427
53 63 2.000000
54 43 2.000000
54 44 2.828427
54 55 2.000000
54 64 2.000000
55 43 2.828427
55 44 2.000000
55 45 2.828427
55 54 2.000000
55 56 2.000000
55 64 2.828427
56 44 2.828427
56 45 2.000000
56 46 2.828427
56 55 2.000000
56 57 2.000000
57 45 2.828427
57 46 2.000000
57 47 2.828427
57 56 2.000000
57 58 2.000000
58 46 2.828427
58 47 2.000000
58 48 2.828427
58 57 2.000000
58 59 2.000000
59 47 2.828427
59 48 2.000000
59 49 2.828427
59 58 2.000000
59 60 2.000000
60 48 2.828427
60 49 2.000000
60 50 2.828427
60 59 2.000000
60 61 2.000000
61 49 2.828427
61 50 2.000000
61 51 2.828427
61 60 2.000000
62 51 2.828427
62 52 2.000000
62 53 2.828427
62 63 2.000000
62 65 2.000000
62 66 2.828427
63 52 2.828427
63 53 2.000000
63 62 2.000000
63 65 2.828427
63 66 2.000000
64 54 2.000000
64 55 2.828427
64 67 2.000000
64 68 2.828427
65 62 2.000000
65 63 2.828427
65 66 2.000000
65 75 2.828427
65 76 2.000000
65 77 2.828427
66 62 2.828427
66 63 2.000000
66 65 2.000000
66 76 2.828427
66 77 2.000000
67 64 2.000000
67 68 2.000000
67 78 2.000000
67 79 2.828427
68 64 2.828427
68 67 2.000000
68 69 2.000000
68 78 2.828427
68 79 2.000000
68 80 2.828427
69 68 2.000000
69 70 2.000000
69 79 2.828427
69 80 2.000000
69 81 2.828427
70 69 2.000000
70 71 2.000000
70 80 2.828427
70 81 2.000000
70 82 2.828427
71 70 2.000000
71 72 2.000000
71 81 2.828427
71 82 2.000000
71 83 2.828427
72 71 2.000000
72 73 2.000000
72 82 2.828427
72 83 2.000000
72 84 2.828427
73 72 2.000000
73 74 2.000000
73 83 2.828427
73 84 2.000000
73 85 2.828427
74 73 2.000000
74 75 2.000000
74 84 2.828427
74 85 2.000000
74 86 2.828427
75 65 2.828427
75 74 2.000000
75 76 2.000000
75 85 2.828427
75 86 2.000000
75 87 2.828427
76 65 2.000000
76 66 2.828427
76 75 2.000000
76 77 2.000000
76 86 2.828427
76 87 2.000000
76 88 2.828427
77 65 2.828427
77 66 2.000000
77 76 2.000000
77 87 2.828427
77 88 2.000000
78 67 2.000000
78 68 2.828427
78 79 2.000000
78 89 2.000000
78 90 2.828427
79 67 2.828427
79 68 2.000000
79 69 2.828427
79 78 2.000000
79 80 2.000000
79 89 2.828427
79 90 2.000000
79 91 2.828427
80 68 2.828427
80 69 2.000000
80 70 2.828427
80 79 2.000000
80 81 2.000000
80 90 2.828427
80 91 2.000000
80 92 2.828427
81 69 2.828427
81 70 2.000000
81 71 2.828427
81 80 2.000000
81 82 2.000000
81 91 2.828427
81 92 2.000000
81 93 2.828427
82 70 2.828427
82 71 2.000000
82 72 2.828427
82 81 2.000000
82 83 2.000000
82 92 2.828427
82 93 2.000000
82 94 2.828427
83 71 2.828427
83 72 2.000000
83 73 2.828427
83 82 2.000000
83 84 2.000000
83 93 2.828427
83 94 2.000000
83 95 2.828427
84 72 2.828427
84 73 2.000000
84 74 2.828427
84 83 2.000000
84 85 2.000000
84 94 2.828427
84 95 2.000000
84 96 2.828427
85 73 2.828427
85 74 2.000000
85 75 2.828427
85 84 2.000000
85 86 2.000000
85 95 2.828427
85 96 2.000000
85 97 2.828427
86 74 2.828427
86 75 2.000000
86 76 2.828427
86 85 2.000000
86 87 2.000000
86 96 2.828427
86 97 2.000000
86 98 2.828427
87 75 2.828427
87 76 2.000000
87 77 2.828427
87 86 2.000000
87 88 2.000000
87 97 2.828427
87 98 2.000000
87 99 2.828427
88 76 2.828427
88 77 2.000000
88 87 2.000000
88 98 2.828427
88 99 2.000000
89 78 2.000000
89 79 2.828427
89 90 2.000000
90 78 2.828427
90 79 2.000000
90 80 2.828427
90 89 2.000000
90 91 2.000000
91 79 2.828427
91 80 2.000000
91 81 2.828427
91 90 2.000000
91 92 2.000000
92 80 2.828427
92 81 2.000000
92 82 2.828427
92 91 2.000000
92 93 2.000000
93 81 2.828427
93 82 2.000000
93 83 2.828427
93 92 2.000000
93 94 2.000000
94 82 2.828427
94 83 2.000000
94 84 2.828427
94 93 2.000000
94 95 2.000000
95 83 2.828427
95 84 2.000000
95 85 2.828427
95 94 2.000000
95 96 2.000000
96 84 2.828427
96 85 2.000000
96 86 2.828427
96 95 2.000000
96 97 2.000000
97 85 2.828427
97 86 2.000000
97 87 2.828427
97 96 2.000000
97 98 2.000000
98 86 2.828427
98 87 2.000000
98 88 2.828427
98 97 2.000000
98 99 2.000000
99 87 2.828427
99 88 2.000000
99 98 2.000000
